 nx = 2000
np = 1 tcpu = 3.950744e+01
np = 2 tcpu = 2.316421e+01
np = 4 tcpu = 1.752563e+01
np = 8 tcpu = 1.635500e+01
np = 16 tcpu = 1.645126e+01